SSEi: [2.4097878626831934, 4.525787032906246, 2.4097878626831926, 2.4097878626831926, 2.4097878626831934, 2.409787862683193, 4.540887336030168, 2.4097878626831934, 2.4097878626831934, 4.540887336030168]			
'Media: 3.04760767437				

Desvio Padrao: 0.974293656816