SSEi: [2.479770804506988, 2.4789285803246894, 2.47892858032469, 4.120739917505188, 4.506393940491202, 2.4797708045069875, 2.4789285803246908, 2.478928580324689, 2.479770804506989, 2.4789285803246908]			
'Media: 2.84610891731				

Desvio Padrao: 0.738779289293