SSEi: [1.825925912377416, 1.8259259123774159, 1.8259259123774159, 3.9466188919250134, 1.8259259123774159, 1.8259259123774154, 1.825925912377416, 1.8259259123774159, 3.96860181592502, 1.8259259123774159]			
'Media: 2.25226280069				

Desvio Padrao: 0.852687945137