SSEi: [3.3867182434145837, 3.3867182434145833, 3.3859076418388723, 3.3842073641086707, 5.208758431765248, 5.039534955638754, 3.3866198120876785, 4.808854420765137, 5.0416337078894715, 4.8051623400475885]			
'Media: 4.1834115161				

Desvio Padrao: 0.804837806818