SSEi: [7.931106164534739, 5.636159095763466, 5.7344263124662245, 4.623531232039361, 7.900025595279134, 5.840899590063205, 5.742409652804293, 4.623531232039362, 4.619474677156362, 5.636385087344497]			
'Media: 5.82879486395				

Desvio Padrao: 1.14752473263