SSEi: [5.953247936301671, 3.6485568738935803, 3.6485568738935807, 3.648556873893582, 3.6485568738935816, 5.377327559272366, 3.6485568738935825, 3.648556873893582, 5.432083064201407, 3.64855687389358]			
'Media: 4.2302556677				

Desvio Padrao: 0.89985997689