SSEi: [1.1717848655145209, 1.1858312101317747, 1.1717848655145209, 1.1858312101317747, 1.185831210131775, 1.1717848655145209, 1.1717848655145209, 1.1858312101317747, 1.1717848655145209, 1.1858312101317747]			
'Media: 1.17880803782				

Desvio Padrao: 0.00702317230863