SSEi: [6.203883029843812]			
'Media: 0.620388302984				

Desvio Padrao: 5.58349472686